=== RUN SUMMARY ===
Device: cuda
Total samples: 86524
Train/Val/Test sizes: 69220/8652/8652

=== HYPERPARAMETERS ===
epochs_requested: 30
batch_size: 64
early_stop_patience (val_auc no-improve): 5
ot_reg: 0.01
pretrained_path: /scratch/st-rohling-1/2025_capstone/xray_runs/run_001/.torch_cache/hub/checkpoints/densenet121-a639ec97.pth
seed: 42

=== IMPROVEMENTS ENABLED ===
dropout: 0.4
freeze_backbone: True
unfreeze_last_block: True
unfreeze_epoch (1-indexed): 6
head_lr: 0.001
finetune_lr: 0.0001
weight_decay_head: 0.0
weight_decay_finetune: 0.0005
scheduler: ReduceLROnPlateau(mode=max,val_auc)

=== FULL DATA (100%) BEST MODEL (by VAL AUC) ===
best_epoch: 14
best_val_auc: 0.746078
Train: loss=0.548454, acc@0.5=0.726336
Val:   loss=0.594991, acc@0.5=0.697411, auc=0.746078, best_thr=0.337664
Test:  loss=0.582193, acc@0.5=0.708622, auc=0.754733

=== OT VALUES SUMMARY (train samples) ===
OT shape: (69220,)
min: 0.0000128990
max: 0.9999980330
mean: 0.6148767471
std: 0.2170474231

=== TOP 50 OT SAMPLES (TRAIN SET) ===
Rank	OT_value	ImageID
1	0.9999980330	00019479_008.png
2	0.9999922514	00003804_003.png
3	0.9999326468	00004706_001.png
4	0.9998801947	00009628_004.png
5	0.9998584986	00020006_001.png
6	0.9997963905	00010744_003.png
7	0.9995807409	00006962_003.png
8	0.9995155931	00015495_013.png
9	0.9995120168	00006962_007.png
10	0.9994665980	00017046_007.png
11	0.9994018078	00016772_028.png
12	0.9993323684	00006015_002.png
13	0.9993072152	00005254_013.png
14	0.9993061423	00006962_008.png
15	0.9992656708	00006962_004.png
16	0.9991183877	00021610_015.png
17	0.9990119338	00005853_008.png
18	0.9989351034	00016772_026.png
19	0.9988281727	00021490_003.png
20	0.9987588525	00025181_007.png
21	0.9985920191	00022714_000.png
22	0.9983747602	00006962_000.png
23	0.9982475638	00009638_006.png
24	0.9982115030	00006296_001.png
25	0.9981438518	00002194_000.png
26	0.9978729486	00019348_008.png
27	0.9977514148	00006411_013.png
28	0.9976584911	00006054_000.png
29	0.9975754619	00006284_000.png
30	0.9974594116	00028871_004.png
31	0.9974039197	00028996_004.png
32	0.9973936677	00028871_002.png
33	0.9973581433	00015915_019.png
34	0.9972482920	00021750_013.png
35	0.9972377419	00021455_006.png
36	0.9971907735	00018521_002.png
37	0.9967706203	00002622_003.png
38	0.9967570901	00016637_000.png
39	0.9965949655	00020602_002.png
40	0.9965927601	00012249_001.png
41	0.9964540005	00014796_001.png
42	0.9964064956	00002280_003.png
43	0.9963109493	00008468_029.png
44	0.9962072968	00026968_001.png
45	0.9961313605	00011003_006.png
46	0.9960746765	00009324_004.png
47	0.9959343672	00028871_003.png
48	0.9956692457	00008708_008.png
49	0.9954777956	00005335_008.png
50	0.9954538941	00025150_011.png

=== BOTTOM 50 OT SAMPLES (TRAIN SET) ===
Rank	OT_value	ImageID
1	0.0000128990	00030025_000.png
2	0.0007486871	00020624_012.png
3	0.0007487860	00020471_006.png
4	0.0007760116	00017207_009.png
5	0.0008035872	00021911_005.png
6	0.0011276266	00001771_001.png
7	0.0013847381	00004309_002.png
8	0.0016591591	00021610_017.png
9	0.0020086758	00029866_017.png
10	0.0022053665	00002438_002.png
11	0.0024768384	00005918_004.png
12	0.0032083595	00005618_000.png
13	0.0035801160	00020589_007.png
14	0.0036337078	00026570_002.png
15	0.0038718164	00002815_003.png
16	0.0041841073	00021911_007.png
17	0.0043013087	00027987_002.png
18	0.0054518334	00025181_004.png
19	0.0057088314	00002927_002.png
20	0.0057668020	00006411_000.png
21	0.0063075353	00025958_005.png
22	0.0068358555	00018587_001.png
23	0.0070605488	00016079_000.png
24	0.0073062498	00014465_016.png
25	0.0073460639	00025444_010.png
26	0.0074738790	00015915_018.png
27	0.0080385897	00027196_014.png
28	0.0081638182	00020624_008.png
29	0.0087407576	00027442_007.png
30	0.0087961117	00029722_000.png
31	0.0089346496	00017915_003.png
32	0.0092712492	00011553_028.png
33	0.0092971502	00002673_018.png
34	0.0094520217	00020108_002.png
35	0.0096618561	00014265_006.png
36	0.0097285071	00010452_003.png
37	0.0099070854	00022785_002.png
38	0.0099090422	00012681_003.png
39	0.0100530675	00014265_024.png
40	0.0100575387	00000573_011.png
41	0.0105736582	00020624_017.png
42	0.0107573289	00006596_002.png
43	0.0111500602	00018126_020.png
44	0.0116111115	00012710_000.png
45	0.0122749843	00019620_001.png
46	0.0132845603	00010938_001.png
47	0.0132876839	00018557_010.png
48	0.0133742774	00006094_000.png
49	0.0133814979	00029866_018.png
50	0.0136251207	00012129_004.png

=== OT SUBSET EXPERIMENTS: TOP OT% ===
Kept%	N_train	TrainLoss	TrainAcc	ValLoss	ValAcc	ValAUC	ValBestThr	TestLoss	TestAcc	TestAUC	BestEpoch	BestValAUC
100	69220	0.548454	0.726336	0.594991	0.697411	0.746078	0.337664	0.582193	0.708622	0.754733	14	0.746078
95	65759	0.476331	0.769628	0.641603	0.697758	0.749533	0.337781	0.628580	0.706773	0.755212	16	0.749533
90	62298	0.368181	0.826752	0.706437	0.700647	0.757894	0.301740	0.719437	0.701572	0.750924	22	0.757894
85	58837	0.271506	0.877509	0.853351	0.710934	0.763188	0.247040	0.874959	0.708160	0.752530	25	0.763188
80	55376	0.247031	0.890404	0.909015	0.707929	0.761564	0.422001	0.930557	0.700647	0.754019	21	0.761564
75	51915	0.126598	0.948647	1.254757	0.714170	0.762608	0.113847	1.305720	0.709316	0.752529	29	0.762608
70	48454	0.111820	0.958724	1.185241	0.714517	0.760180	0.407752	1.235870	0.706889	0.748987	25	0.760180
65	44993	0.068420	0.974552	1.498659	0.715557	0.761955	0.288005	1.577101	0.704346	0.748824	30	0.761955
60	41532	0.037167	0.986444	1.717192	0.714170	0.760989	0.067542	1.830402	0.699838	0.746845	29	0.760989
55	38071	0.030996	0.990229	1.681392	0.713477	0.758034	0.088535	1.774638	0.704924	0.746452	24	0.758034
50	34610	0.025944	0.991130	1.823972	0.714055	0.757213	0.225371	1.932950	0.700994	0.743059	28	0.757213
45	31149	0.016543	0.994542	1.938486	0.710472	0.755738	0.014265	2.006660	0.701225	0.748860	27	0.755738
40	27688	0.014537	0.994799	2.053777	0.709431	0.754408	0.069645	2.111798	0.701456	0.748388	27	0.754408
35	24227	0.011926	0.995749	2.063832	0.711512	0.754323	0.038266	2.129589	0.702843	0.745753	28	0.754323
30	20766	0.007934	0.997448	2.236097	0.710587	0.752725	0.028855	2.313479	0.700185	0.743271	30	0.752725
25	17305	0.016995	0.994048	1.616480	0.707120	0.752594	0.537267	1.690219	0.696486	0.743051	27	0.752594
20	13844	0.014445	0.995233	1.775879	0.707929	0.749672	0.029543	1.853632	0.697411	0.740582	22	0.749672
15	10383	0.007075	0.997785	1.793954	0.703652	0.746928	0.130911	1.880075	0.692441	0.733637	29	0.746928
10	6922	0.037942	0.985553	1.142721	0.693250	0.736359	0.301366	1.168813	0.688858	0.730671	14	0.736359
5	3461	0.030375	0.991332	1.096936	0.685391	0.728028	0.136048	1.101732	0.685969	0.726292	20	0.728028
2	1384	0.084291	0.975434	0.854219	0.676491	0.714330	0.347335	0.849301	0.678571	0.713760	16	0.714330
1	692	0.187241	0.937861	0.761347	0.657536	0.711577	0.174705	0.756785	0.661466	0.711038	14	0.711577

=== OT SUBSET EXPERIMENTS: BOTTOM OT% ===
Kept%	N_train	TrainLoss	TrainAcc	ValLoss	ValAcc	ValAUC	ValBestThr	TestLoss	TestAcc	TestAUC	BestEpoch	BestValAUC
100	69220	0.548454	0.726336	0.594991	0.697411	0.746078	0.337664	0.582193	0.708622	0.754733	14	0.746078
95	65759	0.569366	0.710215	0.594355	0.698798	0.738845	0.425422	0.578965	0.702034	0.752629	13	0.738845
90	62298	0.602472	0.683778	0.594578	0.692903	0.735910	0.420785	0.583075	0.698220	0.748693	10	0.735910
85	58837	0.620021	0.663324	0.607681	0.684235	0.721762	0.424942	0.593876	0.701456	0.739790	10	0.721762
80	55376	0.645149	0.633794	0.622516	0.686431	0.712104	0.495019	0.614939	0.695446	0.725712	8	0.712104
75	51915	0.656538	0.614293	0.632030	0.667591	0.697561	0.515932	0.620764	0.682154	0.717052	9	0.697561
70	48454	0.684943	0.555001	0.659277	0.636153	0.651632	0.480361	0.656560	0.647596	0.662742	3	0.651632
65	44993	0.694145	0.519059	0.699528	0.472839	0.621880	0.550216	0.698230	0.475613	0.636912	5	0.621880
60	41532	0.709590	0.492030	0.683336	0.574780	0.502655	0.396723	0.678813	0.579982	0.525058	3	0.502655
55	38071	0.691753	0.530693	0.713014	0.428803	0.367741	0.349092	0.711006	0.435853	0.379520	1	0.367741
50	34610	0.684502	0.548050	0.814261	0.387194	0.328621	inf	0.815651	0.385922	0.333717	2	0.328621
45	31149	0.659235	0.599409	0.827260	0.354600	0.318573	inf	0.828027	0.352982	0.319388	1	0.318573
40	27688	0.628469	0.643925	0.885018	0.344313	0.315479	inf	0.886738	0.347203	0.315471	3	0.315479
35	24227	0.613357	0.675981	0.880558	0.356449	0.318667	inf	0.878737	0.359108	0.321125	1	0.318667
30	20766	0.548597	0.727102	1.027497	0.342002	0.320714	inf	1.030696	0.344429	0.320120	1	0.320714
25	17305	0.502571	0.763652	1.085332	0.344429	0.323271	inf	1.087940	0.345354	0.323547	1	0.323271
20	13844	0.474334	0.778099	1.169222	0.356103	0.327557	inf	1.176119	0.354369	0.325346	1	0.327557
15	10383	0.436855	0.817875	1.093950	0.353907	0.333966	0.974473	1.096243	0.353213	0.333339	1	0.333966
10	6922	0.431872	0.835163	1.028845	0.351479	0.326934	inf	1.031581	0.347203	0.326841	1	0.326934
5	3461	0.504709	0.764230	0.924312	0.380837	0.333708	inf	0.929917	0.375173	0.331678	1	0.333708
2	1384	0.600152	0.669075	0.884841	0.417938	0.401057	inf	0.890312	0.414239	0.396900	1	0.401057
1	692	0.667445	0.586705	0.727679	0.424526	0.414946	0.718807	0.730395	0.425220	0.404896	1	0.414946

=== OUTPUT FILES ===
Model (full best): /scratch/st-rohling-1/2025_capstone/final_runs/OT//out_10262953/full_100pct_best.pt
Model (full final state): /scratch/st-rohling-1/2025_capstone/final_runs/OT//out_10262953/densenet121_binary.pt
OT values (npy): /scratch/st-rohling-1/2025_capstone/final_runs/OT//out_10262953/ot_values.npy
OT values + IDs (csv): /scratch/st-rohling-1/2025_capstone/final_runs/OT//out_10262953/ot_values_with_ids.csv
Subset results TOP (csv): /scratch/st-rohling-1/2025_capstone/final_runs/OT//out_10262953/subset_results_top.csv
Subset results BOTTOM (csv): /scratch/st-rohling-1/2025_capstone/final_runs/OT//out_10262953/subset_results_bottom.csv
Top train acc vs size: /scratch/st-rohling-1/2025_capstone/final_runs/OT//out_10262953/subset_top_train_accuracy_vs_size.png
Top val acc vs size: /scratch/st-rohling-1/2025_capstone/final_runs/OT//out_10262953/subset_top_val_accuracy_vs_size.png
Top test acc vs size: /scratch/st-rohling-1/2025_capstone/final_runs/OT//out_10262953/subset_top_test_accuracy_vs_size.png
Bottom train acc vs size: /scratch/st-rohling-1/2025_capstone/final_runs/OT//out_10262953/subset_bottom_train_accuracy_vs_size.png
Bottom val acc vs size: /scratch/st-rohling-1/2025_capstone/final_runs/OT//out_10262953/subset_bottom_val_accuracy_vs_size.png
Bottom test acc vs size: /scratch/st-rohling-1/2025_capstone/final_runs/OT//out_10262953/subset_bottom_test_accuracy_vs_size.png
Loss plot (epoch, full): /scratch/st-rohling-1/2025_capstone/final_runs/OT//out_10262953/train_val_loss.png
Accuracy plot (epoch, full): /scratch/st-rohling-1/2025_capstone/final_runs/OT//out_10262953/train_val_accuracy.png
ROC plot (test, full): /scratch/st-rohling-1/2025_capstone/final_runs/OT//out_10262953/roc_curve_test.png
OT histogram: /scratch/st-rohling-1/2025_capstone/final_runs/OT//out_10262953/ot_histogram.png
Report: /scratch/st-rohling-1/2025_capstone/final_runs/OT//out_10262953/final_report.txt
